[(51, 8309, 0), 
(51, 9701, 0), 
(51, 4196, 0), 
(51, 4557, 0), 
(51, 3212, 0), 
(51, 6311, 0), 
(51, 4966, 0), 
(51, 378, 0), 
(51, 514, 0), 
(51, 6523, 0), 
(51, 6145, 0), 
(51, 8162, 0), 
(51, 2257, 0), 
(51, 4958, 0), 
(51, 1292, 0), 
(51, 4827, 0), 
(51, 9058, 0), 
(51, 1250, 0), 
(51, 1638, 0), 
(51, 2671, 0), 
(51, 9083, 0), 
(51, 1034, 0), 
(51, 6122, 0), 
(51, 9283, 0), 
(51, 2069, 0), 
(51, 1317, 0), 
(51, 8698, 0), 
(51, 9681, 0), 
(51, 5040, 0), 
(51, 2301, 0), 
(51, 2751, 0), 
(51, 1477, 0), 
(51, 6800, 0), 
(51, 476, 0), 
(51, 2890, 0), 
(51, 6658, 0), 
(51, 695, 0), 
(51, 4930, 0), 
(51, 9359, 0), 
(51, 3034, 0), 
(51, 3810, 0), 
(51, 1609, 0), 
(51, 2293, 0), 
(51, 7463, 0), 
(51, 3845, 0), 
(51, 5105, 0)]


[(9, 2535, 0), 
(9, 6705, 0), 
(9, 435, 0), 
(9, 9290, 0), 
(9, 2640, 0), 
(9, 2679, 0), 
(9, 3444, 0), 
(9, 8987, 0), 
(9, 1849, 0), 
(9, 8668, 0)]